0.00000000 -0.05686444 0.10000000
0.12822827 0.08304626 0.10000000
0.25645654 0.39373051 0.10000000
0.38468481 0.46957882 0.10000000
0.51291309 0.60093259 0.10000000
0.64114136 0.63537991 0.10000000
0.76936963 0.83991136 0.10000000
0.89759790 0.71855763 0.10000000
1.02582617 0.73042750 0.10000000
1.15405444 0.93791754 0.10000000
1.28228272 1.05690748 0.10000000
1.41051099 1.09944192 0.10000000
1.53873926 1.15766414 0.10000000
1.66696753 0.92437338 0.10000000
1.79519580 1.12239190 0.10000000
1.92342407 0.89764623 0.10000000
2.05165235 0.90297800 0.10000000
2.17988062 0.61936971 0.10000000
2.30810889 0.82052108 0.10000000
2.43633716 0.82835893 0.10000000
2.56456543 0.40601435 0.10000000
2.69279370 0.31770890 0.10000000
2.82102197 0.38295910 0.10000000
2.94925025 0.02479654 0.10000000
3.07747852 -0.14402431 0.10000000
3.20570679 -0.08689378 0.10000000
3.33393506 -0.24746870 0.10000000
3.46216333 -0.29545768 0.10000000
3.59039160 -0.45987000 0.10000000
3.71861988 -0.56535656 0.10000000
3.84684815 -0.72056606 0.10000000
3.97507642 -0.66838822 0.10000000
4.10330469 -0.77228151 0.10000000
4.23153296 -0.85121487 0.10000000
4.35976123 -1.05199707 0.10000000
4.48798951 -0.98054628 0.10000000
4.61621778 -1.02036729 0.10000000
4.74444605 -0.99751441 0.10000000
4.87267432 -1.00102534 0.10000000
5.00090259 -1.00671540 0.10000000
5.12913086 -0.93293343 0.10000000
5.25735913 -0.77123148 0.10000000
5.38558741 -0.59951743 0.10000000
5.51381568 -0.70465303 0.10000000
5.64204395 -0.65090637 0.10000000
5.77027222 -0.59010999 0.10000000
5.89850049 -0.28532236 0.10000000
6.02672876 -0.09739941 0.10000000
6.15495704 -0.31638934 0.10000000
6.28318531 0.09515738 0.10000000
