-10.00000000 0.00540062 0.01200000
-9.59183673 -0.00863153 0.01159184
-9.18367347 -0.00052874 0.01118367
-8.77551020 0.02480884 0.01077551
-8.36734694 0.02673883 0.01036735
-7.95918367 0.01506615 0.00995918
-7.55102041 0.01529883 0.00955102
-7.14285714 -0.00055398 0.00914286
-6.73469388 -0.01078279 0.00873469
-6.32653061 0.01566976 0.00832653
-5.91836735 -0.00639103 0.00791837
-5.51020408 0.00847608 0.00751020
-5.10204082 0.01819040 0.00710204
-4.69387755 0.01705360 0.00669388
-4.28571429 0.03740978 0.00628571
-3.87755102 0.04387357 0.00587755
-3.46938776 0.05535711 0.00546939
-3.06122449 0.07652250 0.00506122
-2.65306122 0.08924127 0.00465306
-2.24489796 0.11169980 0.00424490
-1.83673469 0.13379364 0.00383673
-1.42857143 0.14591786 0.00342857
-1.02040816 0.15768326 0.00302041
-0.61224490 0.17398119 0.00261224
-0.20408163 0.17485362 0.00220408
0.20408163 0.17673993 0.00220408
0.61224490 0.17479576 0.00261224
1.02040816 0.16305388 0.00302041
1.42857143 0.14981544 0.00342857
1.83673469 0.12179914 0.00383673
2.24489796 0.10995864 0.00424490
2.65306122 0.08766042 0.00465306
3.06122449 0.06779162 0.00506122
3.46938776 0.05133103 0.00546939
3.87755102 0.04315775 0.00587755
4.28571429 0.03373288 0.00628571
4.69387755 0.02340843 0.00669388
5.10204082 0.01357276 0.00710204
5.51020408 -0.00554017 0.00751020
5.91836735 0.01082254 0.00791837
6.32653061 -0.00610732 0.00832653
6.73469388 -0.00290813 0.00873469
7.14285714 0.01438423 0.00914286
7.55102041 0.00743343 0.00955102
7.95918367 -0.00942688 0.00995918
8.36734694 0.00866990 0.01036735
8.77551020 -0.00966673 0.01077551
9.18367347 0.00969451 0.01118367
9.59183673 -0.00004387 0.01159184
10.00000000 0.00246408 0.01200000
