0.00000000 1.01787322 0.02000000
0.20408163 0.92393152 0.02081633
0.40816327 0.84737435 0.02163265
0.61224490 0.72962617 0.02244898
0.81632653 0.66807947 0.02326531
1.02040816 0.61404435 0.02408163
1.22448980 0.54382864 0.02489796
1.42857143 0.45710611 0.02571429
1.63265306 0.41291905 0.02653061
1.83673469 0.33804280 0.02734694
2.04081633 0.35370546 0.02816327
2.24489796 0.32080146 0.02897959
2.44897959 0.24610926 0.02979592
2.65306122 0.23014533 0.03061224
2.85714286 0.26559290 0.03142857
3.06122449 0.17163030 0.03224490
3.26530612 0.24151589 0.03306122
3.46938776 0.22395763 0.03387755
3.67346939 0.10639522 0.03469388
3.87755102 0.17988349 0.03551020
4.08163265 0.10132371 0.03632653
4.28571429 0.12426902 0.03714286
4.48979592 0.08805013 0.03795918
4.69387755 0.08989031 0.03877551
4.89795918 0.13525354 0.03959184
5.10204082 0.04463455 0.04040816
5.30612245 0.06297872 0.04122449
5.51020408 0.00281378 0.04204082
5.71428571 0.07042750 0.04285714
5.91836735 0.06838942 0.04367347
6.12244898 0.09570054 0.04448980
6.32653061 -0.00083184 0.04530612
6.53061224 -0.00314940 0.04612245
6.73469388 0.05008014 0.04693878
6.93877551 0.06896007 0.04775510
7.14285714 0.05238179 0.04857143
7.34693878 -0.01603778 0.04938776
7.55102041 0.05879891 0.05020408
7.75510204 0.06575511 0.05102041
7.95918367 0.03186080 0.05183673
8.16326531 -0.02456282 0.05265306
8.36734694 -0.07329015 0.05346939
8.57142857 -0.00148600 0.05428571
8.77551020 0.06464783 0.05510204
8.97959184 -0.00965099 0.05591837
9.18367347 0.02227374 0.05673469
9.38775510 -0.03657856 0.05755102
9.59183673 -0.01648357 0.05836735
9.79591837 0.05959145 0.05918367
10.00000000 0.03230731 0.06000000
